spawns:
  default:
    world: 549429d0-128b-4ef7-89cc-18071da0c637
    world-name: world
    x: 98.23731642735044
    y: 80.0
    z: 343.58792147031403
    yaw: 85.35317993164062
    pitch: 25.79935073852539
